6.716543628744883
6.492888264097217
6.142163267237229
5.887815008787623
5.718386409126642
5.594782635501531
5.496392445295732
5.41300976621143
5.343218635750688
5.284579211718415
5.230853799997036
5.184717538331379
5.143864670844927
5.1077030797345815
5.071717638221869
5.040028476279621
5.011308845682594
4.982621378731691
4.9597762062850785
4.935429593380909
4.912534641167163
4.8913806968990885
4.872623124986298
4.854978643414455
4.836228454856931
4.819990603709693
4.804876432752682
4.788243908497478
4.774052799201629
4.760928204796267
4.747594551771562
4.736066371157108
4.694881178654129
4.68759140249801
4.682672903417997
4.682346239481887
4.679542897861661
4.6758802782636435
4.6730445276838095
4.667668858619585
