6.709643318228526
6.5145645025476835
6.2458391429082445
5.962208835683094
5.773374460966438
5.636614319759236
5.527828956847866
5.440328807772748
5.367708428265297
5.305273886322068
5.251117609044369
5.205352485633513
5.160655476005473
5.122448858786573
5.08879589780462
5.05658358816324
5.026619107755896
4.997962445066037
4.974126064614074
4.94953531761692
4.927103615242596
4.906809735697336
4.886962229439838
4.8673135853249185
4.852062919187038
4.833151516123268
4.817738146179525
4.801576483739566
4.790134860318908
4.748267546091994
4.741376235967721
4.7358012163112875
4.734356914299627
4.729871239654913
4.727274769154495
4.72366360732591
4.719120518439074
4.719790563917233
4.720340550943778
4.7176606477304865
