6.697106775809278
6.41963409470278
6.100461286315453
5.874358487092922
5.715435404029974
5.590162946390416
5.488256595269005
5.407316946003535
5.339731540854118
5.282013299439777
5.230718990802039
5.185359362597879
5.14733556489059
5.107966568916356
5.075338204701741
5.044507419319094
5.016893287409023
4.989499832397183
4.9656757502795354
4.941516649051707
4.920148750781287
4.89989469621098
4.880392052085795
4.8608629765212985
4.843560112847222
4.828841768261867
4.81183652863292
4.798317617477347
4.78276753679621
4.742962422073341
4.734545725847125
4.7310046039215505
4.7280616397364135
4.726100319233841
4.7227126307320555
4.721957184952688
4.71492540310144
4.7138926754259085
4.7144257467087005
4.71415961278628
