6.702695182469338
6.449563937281546
6.10190783824369
5.856931888893859
5.6888959832387425
5.564051463360837
5.46866276928279
5.388042582768827
5.322501445288346
5.2636610674168605
5.211727447161391
5.16661478939666
5.12877297728029
5.090862926645729
5.0555397923497125
5.0250188836224
4.997487902096962
4.970451575617449
4.946234661694531
4.922810740303957
4.900911655600212
4.878917835618807
4.859963750911811
4.843657037075977
4.824975590727645
4.810078542526454
4.794056718933709
4.779320414933621
4.764753592068746
4.749900332324581
4.738596998937598
4.725541749138447
4.68482200631268
4.678465272737965
4.674869516305909
4.671845082641555
4.667732570450782
4.666613365417202
4.6621213772162635
4.657889715249861
