6.706436116582908
6.4666731499101475
6.111437518121264
5.871459101614524
5.703318645239239
5.574090878531631
5.473150799807892
5.39193514601825
5.323883248246424
5.264370267249678
5.212860659014326
5.167206866556107
5.125054995218913
5.086743491969696
5.053588462202517
5.023334160605885
4.99296512560213
4.967505623397943
4.941994611168198
4.918924981237728
4.896876049186904
4.877212674650427
4.858226095341838
4.838605802353114
4.823964945620416
4.8061410012673385
4.789747334687859
4.776169874896742
4.7611002268856515
4.719960777364002
4.714061576663268
4.7082222128567635
4.706171566311446
4.702375788666886
4.700563673922279
4.698380557369424
4.692585612722365
4.691841470959343
4.692590532056092
4.692306540328074
